Done in 316 iterations
[-0.1169896660836082, -1.118296642265346, 0.1577402470355694]
[0.7735477404072009, -0.20641487449846796, 0.2493453584160722]
a = 0.944892 AU
e = 0.273528
I = 36.072937 degrees
OM = 206.573926 degrees
om = 274.600791 degrees
M = 126.898490 degrees
E = 137.488629 degrees
n = 0.018729 day
P = 0.918505 yrs
T = 2458186.491268

Done in 238 iterations
[-0.0383216087519877, -1.1156941814471075, 0.15319870563557994]
[0.79937320560761, -0.11992756865127063, 0.21363038184587135]
a = 0.929458 AU
e = 0.254865
I = 34.255166 degrees
OM = 204.784260 degrees
om = 273.282336 degrees
M = 138.345284 degrees
E = 146.421689 degrees
n = 0.019197 day
P = 0.896092 yrs
T = 2458178.969961
T = 2458184.071028